(kicad_pcb (version 20171130) (host pcbnew "(5.0.0-3-g5ebb6b6)")

  (general
    (thickness 1.6)
    (drawings 44)
    (tracks 405)
    (zones 0)
    (modules 54)
    (nets 46)
  )

  (page A4 portrait)
  (layers
    (0 F.Cu signal)
    (31 B.Cu power)
    (32 B.Adhes user)
    (33 F.Adhes user)
    (34 B.Paste user)
    (35 F.Paste user)
    (36 B.SilkS user)
    (37 F.SilkS user)
    (38 B.Mask user)
    (39 F.Mask user)
    (40 Dwgs.User user)
    (41 Cmts.User user)
    (42 Eco1.User user hide)
    (43 Eco2.User user hide)
    (44 Edge.Cuts user)
    (45 Margin user)
    (46 B.CrtYd user)
    (47 F.CrtYd user)
    (48 B.Fab user hide)
    (49 F.Fab user hide)
  )

  (setup
    (last_trace_width 0.5)
    (user_trace_width 0.25)
    (user_trace_width 0.5)
    (user_trace_width 0.75)
    (user_trace_width 1)
    (trace_clearance 0.2)
    (zone_clearance 0.508)
    (zone_45_only no)
    (trace_min 0.2)
    (segment_width 0.2)
    (edge_width 0.15)
    (via_size 0.8)
    (via_drill 0.4)
    (via_min_size 0.4)
    (via_min_drill 0.3)
    (uvia_size 0.3)
    (uvia_drill 0.1)
    (uvias_allowed no)
    (uvia_min_size 0.2)
    (uvia_min_drill 0.1)
    (pcb_text_width 0.3)
    (pcb_text_size 1.5 1.5)
    (mod_edge_width 0.15)
    (mod_text_size 0.5 0.5)
    (mod_text_width 0.05)
    (pad_size 1.6 1.6)
    (pad_drill 0.8)
    (pad_to_mask_clearance 0.2)
    (aux_axis_origin 0 0)
    (visible_elements 7FFFFFFF)
    (pcbplotparams
      (layerselection 0x010fc_ffffffff)
      (usegerberextensions false)
      (usegerberattributes false)
      (usegerberadvancedattributes false)
      (creategerberjobfile false)
      (excludeedgelayer true)
      (linewidth 0.100000)
      (plotframeref false)
      (viasonmask false)
      (mode 1)
      (useauxorigin false)
      (hpglpennumber 1)
      (hpglpenspeed 20)
      (hpglpendiameter 15.000000)
      (psnegative false)
      (psa4output false)
      (plotreference true)
      (plotvalue true)
      (plotinvisibletext false)
      (padsonsilk false)
      (subtractmaskfromsilk false)
      (outputformat 1)
      (mirror false)
      (drillshape 1)
      (scaleselection 1)
      (outputdirectory ""))
  )

  (net 0 "")
  (net 1 /AREF)
  (net 2 /GND)
  (net 3 /WAVEBTN)
  (net 4 /MODEBTN)
  (net 5 /SDA)
  (net 6 /RANGEBTN)
  (net 7 /SCL)
  (net 8 /VEL1)
  (net 9 /POT_CS)
  (net 10 /DDS_CS)
  (net 11 /MOSI)
  (net 12 /5V)
  (net 13 /SCK)
  (net 14 /+12V)
  (net 15 /-12V)
  (net 16 "Net-(RV_AMP1-Pad2)")
  (net 17 "Net-(RV_AMP1-Pad3)")
  (net 18 "Net-(RV_AMP1-Pad1)")
  (net 19 /AuxiliaryBoard/5V_AUX)
  (net 20 /AuxiliaryBoard/GND_AUX)
  (net 21 /AuxiliaryBoard/WAVEBTN_AUX)
  (net 22 /AuxiliaryBoard/SCL_AUX)
  (net 23 /AuxiliaryBoard/RANGEBTN_AUX)
  (net 24 /AuxiliaryBoard/SDA_AUX)
  (net 25 /AuxiliaryBoard/MODEBTN_AUX)
  (net 26 /DDS_SIG)
  (net 27 /OutputSection/SIGOUT)
  (net 28 /DDS_REDUX)
  (net 29 "Net-(RV_UPOFF1-Pad3)")
  (net 30 "Net-(RV_LOWOFF1-Pad3)")
  (net 31 "Net-(RF1-Pad1)")
  (net 32 "Net-(RV_AMP1-Pad5)")
  (net 33 /OFFSETADJUST)
  (net 34 "Net-(RF1-Pad2)")
  (net 35 "Net-(ROFF1-Pad1)")
  (net 36 "Net-(ROFF2-Pad1)")
  (net 37 "Net-(CF2-Pad2)")
  (net 38 "Net-(CF2-Pad1)")
  (net 39 "Net-(J_PWR1-Pad2)")
  (net 40 "Net-(J_PWR1-Pad10)")
  (net 41 /PHASE1)
  (net 42 "Net-(RV_TIME1-Pad6)")
  (net 43 "Net-(RV_TIME1-Pad3)")
  (net 44 /FREQHI)
  (net 45 /FREQLO)

  (net_class Default "This is the default net class."
    (clearance 0.2)
    (trace_width 0.25)
    (via_dia 0.8)
    (via_drill 0.4)
    (uvia_dia 0.3)
    (uvia_drill 0.1)
    (add_net /+12V)
    (add_net /-12V)
    (add_net /5V)
    (add_net /AREF)
    (add_net /AuxiliaryBoard/5V_AUX)
    (add_net /AuxiliaryBoard/GND_AUX)
    (add_net /AuxiliaryBoard/MODEBTN_AUX)
    (add_net /AuxiliaryBoard/RANGEBTN_AUX)
    (add_net /AuxiliaryBoard/SCL_AUX)
    (add_net /AuxiliaryBoard/SDA_AUX)
    (add_net /AuxiliaryBoard/WAVEBTN_AUX)
    (add_net /DDS_CS)
    (add_net /DDS_REDUX)
    (add_net /DDS_SIG)
    (add_net /FREQHI)
    (add_net /FREQLO)
    (add_net /GND)
    (add_net /MODEBTN)
    (add_net /MOSI)
    (add_net /OFFSETADJUST)
    (add_net /OutputSection/SIGOUT)
    (add_net /PHASE1)
    (add_net /POT_CS)
    (add_net /RANGEBTN)
    (add_net /SCK)
    (add_net /SCL)
    (add_net /SDA)
    (add_net /VEL1)
    (add_net /WAVEBTN)
    (add_net "Net-(CF2-Pad1)")
    (add_net "Net-(CF2-Pad2)")
    (add_net "Net-(J_PWR1-Pad10)")
    (add_net "Net-(J_PWR1-Pad2)")
    (add_net "Net-(RF1-Pad1)")
    (add_net "Net-(RF1-Pad2)")
    (add_net "Net-(ROFF1-Pad1)")
    (add_net "Net-(ROFF2-Pad1)")
    (add_net "Net-(RV_AMP1-Pad1)")
    (add_net "Net-(RV_AMP1-Pad2)")
    (add_net "Net-(RV_AMP1-Pad3)")
    (add_net "Net-(RV_AMP1-Pad5)")
    (add_net "Net-(RV_LOWOFF1-Pad3)")
    (add_net "Net-(RV_TIME1-Pad3)")
    (add_net "Net-(RV_TIME1-Pad6)")
    (add_net "Net-(RV_UPOFF1-Pad3)")
  )

  (module Module:Arduino_Nano (layer F.Cu) (tedit 5BC85AEA) (tstamp 5BD4D80A)
    (at 123.825 87.63 180)
    (descr "Arduino Nano, http://www.mouser.com/pdfdocs/Gravitech_Arduino_Nano3_0.pdf")
    (tags "Arduino Nano")
    (path /5BBCCF3E)
    (fp_text reference A1 (at 17.272 41.148 270) (layer F.SilkS)
      (effects (font (size 0.5 0.5) (thickness 0.05)))
    )
    (fp_text value Arduino_Nano_v3.x (at 8.89 19.05 270) (layer F.Fab)
      (effects (font (size 1 1) (thickness 0.15)))
    )
    (fp_line (start 16.75 42.16) (end -1.53 42.16) (layer F.CrtYd) (width 0.05))
    (fp_line (start 16.75 42.16) (end 16.75 -4.06) (layer F.CrtYd) (width 0.05))
    (fp_line (start -1.53 -4.06) (end -1.53 42.16) (layer F.CrtYd) (width 0.05))
    (fp_line (start -1.53 -4.06) (end 16.75 -4.06) (layer F.CrtYd) (width 0.05))
    (fp_line (start 16.51 -3.81) (end 16.51 39.37) (layer F.Fab) (width 0.1))
    (fp_line (start 0 -3.81) (end 16.51 -3.81) (layer F.Fab) (width 0.1))
    (fp_line (start -1.27 -2.54) (end 0 -3.81) (layer F.Fab) (width 0.1))
    (fp_line (start -1.27 39.37) (end -1.27 -2.54) (layer F.Fab) (width 0.1))
    (fp_line (start 16.51 39.37) (end -1.27 39.37) (layer F.Fab) (width 0.1))
    (fp_line (start 16.64 -3.94) (end -1.4 -3.94) (layer F.SilkS) (width 0.12))
    (fp_line (start 16.64 39.5) (end 16.64 -3.94) (layer F.SilkS) (width 0.12))
    (fp_line (start -1.4 39.5) (end 16.64 39.5) (layer F.SilkS) (width 0.12))
    (fp_line (start 3.81 41.91) (end 3.81 31.75) (layer F.Fab) (width 0.1))
    (fp_line (start 11.43 41.91) (end 3.81 41.91) (layer F.Fab) (width 0.1))
    (fp_line (start 11.43 31.75) (end 11.43 41.91) (layer F.Fab) (width 0.1))
    (fp_line (start 3.81 31.75) (end 11.43 31.75) (layer F.Fab) (width 0.1))
    (fp_line (start 1.27 36.83) (end -1.4 36.83) (layer F.SilkS) (width 0.12))
    (fp_line (start 1.27 1.27) (end 1.27 36.83) (layer F.SilkS) (width 0.12))
    (fp_line (start 1.27 1.27) (end -1.4 1.27) (layer F.SilkS) (width 0.12))
    (fp_line (start 13.97 36.83) (end 16.64 36.83) (layer F.SilkS) (width 0.12))
    (fp_line (start 13.97 -1.27) (end 13.97 36.83) (layer F.SilkS) (width 0.12))
    (fp_line (start 13.97 -1.27) (end 16.64 -1.27) (layer F.SilkS) (width 0.12))
    (fp_line (start -1.4 -3.94) (end -1.4 -1.27) (layer F.SilkS) (width 0.12))
    (fp_line (start -1.4 1.27) (end -1.4 39.5) (layer F.SilkS) (width 0.12))
    (fp_line (start 1.27 -1.27) (end -1.4 -1.27) (layer F.SilkS) (width 0.12))
    (fp_line (start 1.27 1.27) (end 1.27 -1.27) (layer F.SilkS) (width 0.12))
    (fp_text user %R (at 6.35 19.05 270) (layer F.Fab)
      (effects (font (size 1 1) (thickness 0.15)))
    )
    (pad 16 thru_hole oval (at 15.24 35.56 180) (size 1.6 1.6) (drill 0.8) (layers *.Cu *.Mask)
      (net 13 /SCK))
    (pad 15 thru_hole oval (at 0 35.56 180) (size 1.6 1.6) (drill 0.8) (layers *.Cu *.Mask))
    (pad 30 thru_hole oval (at 15.24 0 180) (size 1.6 1.6) (drill 0.8) (layers *.Cu *.Mask)
      (net 12 /5V))
    (pad 14 thru_hole oval (at 0 33.02 180) (size 1.6 1.6) (drill 0.8) (layers *.Cu *.Mask)
      (net 11 /MOSI))
    (pad 29 thru_hole oval (at 15.24 2.54 180) (size 1.6 1.6) (drill 0.8) (layers *.Cu *.Mask)
      (net 2 /GND))
    (pad 13 thru_hole oval (at 0 30.48 180) (size 1.6 1.6) (drill 0.8) (layers *.Cu *.Mask)
      (net 10 /DDS_CS))
    (pad 28 thru_hole oval (at 15.24 5.08 180) (size 1.6 1.6) (drill 0.8) (layers *.Cu *.Mask))
    (pad 12 thru_hole oval (at 0 27.94 180) (size 1.6 1.6) (drill 0.8) (layers *.Cu *.Mask)
      (net 9 /POT_CS))
    (pad 27 thru_hole oval (at 15.24 7.62 180) (size 1.6 1.6) (drill 0.8) (layers *.Cu *.Mask))
    (pad 11 thru_hole oval (at 0 25.4 180) (size 1.6 1.6) (drill 0.8) (layers *.Cu *.Mask))
    (pad 26 thru_hole oval (at 15.24 10.16 180) (size 1.6 1.6) (drill 0.8) (layers *.Cu *.Mask))
    (pad 10 thru_hole circle (at 0 22.86 180) (size 1.6 1.6) (drill 0.8) (layers *.Cu *.Mask))
    (pad 25 thru_hole oval (at 15.24 12.7 180) (size 1.6 1.6) (drill 0.8) (layers *.Cu *.Mask)
      (net 8 /VEL1))
    (pad 9 thru_hole oval (at 0 20.32 180) (size 1.6 1.6) (drill 0.8) (layers *.Cu *.Mask))
    (pad 24 thru_hole oval (at 15.24 15.24 180) (size 1.6 1.6) (drill 0.8) (layers *.Cu *.Mask)
      (net 7 /SCL))
    (pad 8 thru_hole oval (at 0 17.78 180) (size 1.6 1.6) (drill 0.8) (layers *.Cu *.Mask)
      (net 6 /RANGEBTN))
    (pad 23 thru_hole oval (at 15.24 17.78 180) (size 1.6 1.6) (drill 0.8) (layers *.Cu *.Mask)
      (net 5 /SDA))
    (pad 7 thru_hole oval (at 0 15.24 180) (size 1.6 1.6) (drill 0.8) (layers *.Cu *.Mask))
    (pad 22 thru_hole oval (at 15.24 20.32 180) (size 1.6 1.6) (drill 0.8) (layers *.Cu *.Mask)
      (net 41 /PHASE1))
    (pad 6 thru_hole oval (at 0 12.7 180) (size 1.6 1.6) (drill 0.8) (layers *.Cu *.Mask)
      (net 4 /MODEBTN))
    (pad 21 thru_hole oval (at 15.24 22.86 180) (size 1.6 1.6) (drill 0.8) (layers *.Cu *.Mask))
    (pad 5 thru_hole oval (at 0 10.16 180) (size 1.6 1.6) (drill 0.8) (layers *.Cu *.Mask)
      (net 3 /WAVEBTN))
    (pad 20 thru_hole oval (at 15.24 25.4 180) (size 1.6 1.6) (drill 0.8) (layers *.Cu *.Mask)
      (net 45 /FREQLO))
    (pad 4 thru_hole oval (at 0 7.62 180) (size 1.6 1.6) (drill 0.8) (layers *.Cu *.Mask)
      (net 2 /GND))
    (pad 19 thru_hole oval (at 15.24 27.94 180) (size 1.6 1.6) (drill 0.8) (layers *.Cu *.Mask)
      (net 44 /FREQHI))
    (pad 3 thru_hole oval (at 0 5.08 180) (size 1.6 1.6) (drill 0.8) (layers *.Cu *.Mask))
    (pad 18 thru_hole oval (at 15.24 30.48 180) (size 1.6 1.6) (drill 0.8) (layers *.Cu *.Mask)
      (net 1 /AREF))
    (pad 2 thru_hole oval (at 0 2.54 180) (size 1.6 1.6) (drill 0.8) (layers *.Cu *.Mask))
    (pad 17 thru_hole oval (at 15.24 33.02 180) (size 1.6 1.6) (drill 0.8) (layers *.Cu *.Mask)
      (net 1 /AREF))
    (pad 1 thru_hole rect (at 0 0 180) (size 1.6 1.6) (drill 0.8) (layers *.Cu *.Mask))
    (model ${KISYS3DMOD}/Module.3dshapes/Arduino_Nano_WithMountingHoles.wrl
      (at (xyz 0 0 0))
      (scale (xyz 1 1 1))
      (rotate (xyz 0 0 0))
    )
  )

  (module PTH901:PTH901 (layer F.Cu) (tedit 5BC63C35) (tstamp 5BDE364E)
    (at 73.66 101.6 180)
    (path /5BF20191)
    (fp_text reference RV_FREQ1 (at -3.048 5.588 180) (layer F.SilkS)
      (effects (font (size 0.5 0.5) (thickness 0.05)))
    )
    (fp_text value B10K (at 0 -10.16 180) (layer F.Fab)
      (effects (font (size 1 1) (thickness 0.15)))
    )
    (fp_line (start 7.62 -4.826) (end 7.62 4.826) (layer F.SilkS) (width 0.15))
    (fp_line (start 7.62 4.826) (end -4.445 4.826) (layer F.SilkS) (width 0.15))
    (fp_line (start -4.445 4.826) (end -4.445 -4.826) (layer F.SilkS) (width 0.15))
    (fp_line (start -4.445 -4.826) (end 7.62 -4.826) (layer F.SilkS) (width 0.15))
    (fp_line (start 7.62 -4.572) (end 17.78 -4.572) (layer F.SilkS) (width 0.15))
    (fp_line (start 17.78 -4.572) (end 17.78 4.572) (layer F.SilkS) (width 0.15))
    (fp_line (start 17.78 4.572) (end 7.62 4.572) (layer F.SilkS) (width 0.15))
    (fp_line (start 17.78 -3.048) (end 27.94 -3.048) (layer F.SilkS) (width 0.15))
    (fp_line (start 27.94 -3.048) (end 27.94 3.048) (layer F.SilkS) (width 0.15))
    (fp_line (start 27.94 3.048) (end 17.78 3.048) (layer F.SilkS) (width 0.15))
    (fp_line (start 27.94 -1.778) (end 38.1 -1.778) (layer F.SilkS) (width 0.15))
    (fp_line (start 38.1 -1.778) (end 38.1 1.778) (layer F.SilkS) (width 0.15))
    (fp_line (start 38.1 1.778) (end 27.94 1.778) (layer F.SilkS) (width 0.15))
    (pad 1 thru_hole circle (at 3.048 -2.54 180) (size 2 2) (drill 1.2) (layers *.Cu *.Mask)
      (net 2 /GND))
    (pad 2 thru_hole circle (at 3.048 0 180) (size 2 2) (drill 1.2) (layers *.Cu *.Mask)
      (net 45 /FREQLO))
    (pad 3 thru_hole circle (at 3.048 2.54 180) (size 2 2) (drill 1.2) (layers *.Cu *.Mask)
      (net 12 /5V))
    (pad 4 thru_hole circle (at -2.286 -2.54 180) (size 2 2) (drill 1.2) (layers *.Cu *.Mask)
      (net 2 /GND))
    (pad 5 thru_hole circle (at -2.286 0 180) (size 2 2) (drill 1.2) (layers *.Cu *.Mask)
      (net 44 /FREQHI))
    (pad 6 thru_hole circle (at -2.286 2.54 180) (size 2 2) (drill 1.2) (layers *.Cu *.Mask)
      (net 12 /5V))
  )

  (module Resistor_SMD:R_0805_2012Metric_Pad1.15x1.40mm_HandSolder (layer F.Cu) (tedit 5B36C52B) (tstamp 5BCE4780)
    (at 96.52 146.685)
    (descr "Resistor SMD 0805 (2012 Metric), square (rectangular) end terminal, IPC_7351 nominal with elongated pad for handsoldering. (Body size source: https://docs.google.com/spreadsheets/d/1BsfQQcO9C6DZCsRaXUlFlo91Tg2WpOkGARC1WS5S8t0/edit?usp=sharing), generated with kicad-footprint-generator")
    (tags "resistor handsolder")
    (path /5BBD761F/5BC2C675)
    (attr smd)
    (fp_text reference RG1 (at -4.318 0 180) (layer F.SilkS)
      (effects (font (size 0.5 0.5) (thickness 0.05)))
    )
    (fp_text value 1k (at 0 1.65) (layer F.Fab)
      (effects (font (size 1 1) (thickness 0.15)))
    )
    (fp_line (start -1 0.6) (end -1 -0.6) (layer F.Fab) (width 0.1))
    (fp_line (start -1 -0.6) (end 1 -0.6) (layer F.Fab) (width 0.1))
    (fp_line (start 1 -0.6) (end 1 0.6) (layer F.Fab) (width 0.1))
    (fp_line (start 1 0.6) (end -1 0.6) (layer F.Fab) (width 0.1))
    (fp_line (start -0.261252 -0.71) (end 0.261252 -0.71) (layer F.SilkS) (width 0.12))
    (fp_line (start -0.261252 0.71) (end 0.261252 0.71) (layer F.SilkS) (width 0.12))
    (fp_line (start -1.85 0.95) (end -1.85 -0.95) (layer F.CrtYd) (width 0.05))
    (fp_line (start -1.85 -0.95) (end 1.85 -0.95) (layer F.CrtYd) (width 0.05))
    (fp_line (start 1.85 -0.95) (end 1.85 0.95) (layer F.CrtYd) (width 0.05))
    (fp_line (start 1.85 0.95) (end -1.85 0.95) (layer F.CrtYd) (width 0.05))
    (fp_text user %R (at 0 0) (layer F.Fab)
      (effects (font (size 0.5 0.5) (thickness 0.08)))
    )
    (pad 1 smd roundrect (at -1.025 0) (size 1.15 1.4) (layers F.Cu F.Paste F.Mask) (roundrect_rratio 0.217391)
      (net 2 /GND))
    (pad 2 smd roundrect (at 1.025 0) (size 1.15 1.4) (layers F.Cu F.Paste F.Mask) (roundrect_rratio 0.217391)
      (net 34 "Net-(RF1-Pad2)"))
    (model ${KISYS3DMOD}/Resistor_SMD.3dshapes/R_0805_2012Metric.wrl
      (at (xyz 0 0 0))
      (scale (xyz 1 1 1))
      (rotate (xyz 0 0 0))
    )
  )

  (module Resistor_SMD:R_0805_2012Metric_Pad1.15x1.40mm_HandSolder (layer F.Cu) (tedit 5B36C52B) (tstamp 5BC4A0D9)
    (at 96.52 149.225)
    (descr "Resistor SMD 0805 (2012 Metric), square (rectangular) end terminal, IPC_7351 nominal with elongated pad for handsoldering. (Body size source: https://docs.google.com/spreadsheets/d/1BsfQQcO9C6DZCsRaXUlFlo91Tg2WpOkGARC1WS5S8t0/edit?usp=sharing), generated with kicad-footprint-generator")
    (tags "resistor handsolder")
    (path /5BBD761F/5BC04D4E)
    (attr smd)
    (fp_text reference RF1 (at -4.318 0 180) (layer F.SilkS)
      (effects (font (size 0.5 0.5) (thickness 0.05)))
    )
    (fp_text value 1k (at 0 1.65) (layer F.Fab)
      (effects (font (size 1 1) (thickness 0.15)))
    )
    (fp_text user %R (at 0 0) (layer F.Fab)
      (effects (font (size 0.5 0.5) (thickness 0.08)))
    )
    (fp_line (start 1.85 0.95) (end -1.85 0.95) (layer F.CrtYd) (width 0.05))
    (fp_line (start 1.85 -0.95) (end 1.85 0.95) (layer F.CrtYd) (width 0.05))
    (fp_line (start -1.85 -0.95) (end 1.85 -0.95) (layer F.CrtYd) (width 0.05))
    (fp_line (start -1.85 0.95) (end -1.85 -0.95) (layer F.CrtYd) (width 0.05))
    (fp_line (start -0.261252 0.71) (end 0.261252 0.71) (layer F.SilkS) (width 0.12))
    (fp_line (start -0.261252 -0.71) (end 0.261252 -0.71) (layer F.SilkS) (width 0.12))
    (fp_line (start 1 0.6) (end -1 0.6) (layer F.Fab) (width 0.1))
    (fp_line (start 1 -0.6) (end 1 0.6) (layer F.Fab) (width 0.1))
    (fp_line (start -1 -0.6) (end 1 -0.6) (layer F.Fab) (width 0.1))
    (fp_line (start -1 0.6) (end -1 -0.6) (layer F.Fab) (width 0.1))
    (pad 2 smd roundrect (at 1.025 0) (size 1.15 1.4) (layers F.Cu F.Paste F.Mask) (roundrect_rratio 0.217391)
      (net 34 "Net-(RF1-Pad2)"))
    (pad 1 smd roundrect (at -1.025 0) (size 1.15 1.4) (layers F.Cu F.Paste F.Mask) (roundrect_rratio 0.217391)
      (net 31 "Net-(RF1-Pad1)"))
    (model ${KISYS3DMOD}/Resistor_SMD.3dshapes/R_0805_2012Metric.wrl
      (at (xyz 0 0 0))
      (scale (xyz 1 1 1))
      (rotate (xyz 0 0 0))
    )
  )

  (module ALPS_SPUN191600:ALPS_SPUN191600 (layer F.Cu) (tedit 5BC63460) (tstamp 5BDE2693)
    (at 76.962 76.2 90)
    (path /5BCEE1CD)
    (fp_text reference SW_PWR1 (at 0 16.51 90) (layer F.SilkS)
      (effects (font (size 0.5 0.5) (thickness 0.05)))
    )
    (fp_text value SW_DPDT_x2 (at 0.254 14.986 90) (layer F.Fab)
      (effects (font (size 1 1) (thickness 0.15)))
    )
    (fp_line (start 5.08 0) (end 5.08 -10.922) (layer F.SilkS) (width 0.15))
    (fp_line (start 5.08 -10.922) (end -5.08 -10.922) (layer F.SilkS) (width 0.15))
    (fp_line (start -5.08 -10.922) (end -5.08 0) (layer F.SilkS) (width 0.15))
    (fp_line (start -4.572 0) (end -4.572 13.97) (layer F.SilkS) (width 0.15))
    (fp_line (start -4.445 13.97) (end 4.445 13.97) (layer F.SilkS) (width 0.15))
    (fp_line (start 4.572 13.97) (end 4.572 0) (layer F.SilkS) (width 0.15))
    (fp_line (start 4.572 0) (end 5.08 0) (layer F.SilkS) (width 0.15))
    (fp_line (start -4.572 0) (end -5.08 0) (layer F.SilkS) (width 0.15))
    (fp_line (start -3.81 -10.922) (end -3.81 -13.97) (layer F.SilkS) (width 0.15))
    (fp_line (start -4.318 -13.97) (end 4.318 -13.97) (layer F.SilkS) (width 0.15))
    (fp_line (start 3.81 -13.97) (end 3.81 -10.922) (layer F.SilkS) (width 0.15))
    (fp_line (start 1.524 -14.224) (end 1.524 -23.368) (layer F.SilkS) (width 0.15))
    (fp_line (start -1.524 -14.224) (end -1.524 -23.368) (layer F.SilkS) (width 0.15))
    (fp_line (start 1.524 -23.368) (end -1.524 -23.368) (layer F.SilkS) (width 0.15))
    (fp_line (start -4.318 -14.224) (end 4.318 -14.224) (layer F.SilkS) (width 0.15))
    (fp_line (start 4.318 -14.224) (end 4.318 -13.97) (layer F.SilkS) (width 0.15))
    (fp_line (start -4.318 -13.97) (end -4.318 -14.224) (layer F.SilkS) (width 0.15))
    (pad 4 thru_hole circle (at -3.048 0 90) (size 2.5 2.5) (drill 1.5) (layers *.Cu *.Mask)
      (net 15 /-12V))
    (pad 1 thru_hole circle (at 2.952 0 90) (size 2.5 2.5) (drill 1.5) (layers *.Cu *.Mask)
      (net 14 /+12V))
    (pad 5 thru_hole circle (at -3.048 4 90) (size 2.5 2.5) (drill 1.5) (layers *.Cu *.Mask)
      (net 40 "Net-(J_PWR1-Pad10)"))
    (pad 2 thru_hole circle (at 2.952 4 90) (size 2.5 2.5) (drill 1.5) (layers *.Cu *.Mask)
      (net 39 "Net-(J_PWR1-Pad2)"))
    (pad 6 thru_hole circle (at -3.048 8 90) (size 2.5 2.5) (drill 1.5) (layers *.Cu *.Mask))
    (pad 3 thru_hole circle (at 2.952 8 90) (size 2.5 2.5) (drill 1.5) (layers *.Cu *.Mask))
  )

  (module Connector_PinSocket_2.54mm:PinSocket_1x02_P2.54mm_Vertical (layer F.Cu) (tedit 5A19A420) (tstamp 5BD35DE0)
    (at 77.47 179.07 180)
    (descr "Through hole straight socket strip, 1x02, 2.54mm pitch, single row (from Kicad 4.0.7), script generated")
    (tags "Through hole socket strip THT 1x02 2.54mm single row")
    (path /5BB86F40)
    (fp_text reference J_OUT1 (at 2.286 2.921 270) (layer F.SilkS)
      (effects (font (size 0.5 0.5) (thickness 0.05)))
    )
    (fp_text value Conn_01x02 (at 0 5.31 180) (layer F.Fab)
      (effects (font (size 1 1) (thickness 0.15)))
    )
    (fp_line (start -1.27 -1.27) (end 0.635 -1.27) (layer F.Fab) (width 0.1))
    (fp_line (start 0.635 -1.27) (end 1.27 -0.635) (layer F.Fab) (width 0.1))
    (fp_line (start 1.27 -0.635) (end 1.27 3.81) (layer F.Fab) (width 0.1))
    (fp_line (start 1.27 3.81) (end -1.27 3.81) (layer F.Fab) (width 0.1))
    (fp_line (start -1.27 3.81) (end -1.27 -1.27) (layer F.Fab) (width 0.1))
    (fp_line (start -1.33 1.27) (end 1.33 1.27) (layer F.SilkS) (width 0.12))
    (fp_line (start -1.33 1.27) (end -1.33 3.87) (layer F.SilkS) (width 0.12))
    (fp_line (start -1.33 3.87) (end 1.33 3.87) (layer F.SilkS) (width 0.12))
    (fp_line (start 1.33 1.27) (end 1.33 3.87) (layer F.SilkS) (width 0.12))
    (fp_line (start 1.33 -1.33) (end 1.33 0) (layer F.SilkS) (width 0.12))
    (fp_line (start 0 -1.33) (end 1.33 -1.33) (layer F.SilkS) (width 0.12))
    (fp_line (start -1.8 -1.8) (end 1.75 -1.8) (layer F.CrtYd) (width 0.05))
    (fp_line (start 1.75 -1.8) (end 1.75 4.3) (layer F.CrtYd) (width 0.05))
    (fp_line (start 1.75 4.3) (end -1.8 4.3) (layer F.CrtYd) (width 0.05))
    (fp_line (start -1.8 4.3) (end -1.8 -1.8) (layer F.CrtYd) (width 0.05))
    (fp_text user %R (at 0 1.27 270) (layer F.Fab)
      (effects (font (size 1 1) (thickness 0.15)))
    )
    (pad 1 thru_hole rect (at 0 0 180) (size 1.7 1.7) (drill 1) (layers *.Cu *.Mask)
      (net 27 /OutputSection/SIGOUT))
    (pad 2 thru_hole oval (at 0 2.54 180) (size 1.7 1.7) (drill 1) (layers *.Cu *.Mask)
      (net 2 /GND))
    (model ${KISYS3DMOD}/Connector_PinSocket_2.54mm.3dshapes/PinSocket_1x02_P2.54mm_Vertical.wrl
      (at (xyz 0 0 0))
      (scale (xyz 1 1 1))
      (rotate (xyz 0 0 0))
    )
  )

  (module MountingHole:MountingHole_2.2mm_M2_ISO7380 (layer F.Cu) (tedit 56D1B4CB) (tstamp 5BD114BF)
    (at 26.162 23.622)
    (descr "Mounting Hole 2.2mm, no annular, M2, ISO7380")
    (tags "mounting hole 2.2mm no annular m2 iso7380")
    (attr virtual)
    (fp_text reference REF** (at 0 -2.75) (layer F.SilkS)
      (effects (font (size 0.5 0.5) (thickness 0.05)))
    )
    (fp_text value MountingHole_2.2mm_M2_ISO7380 (at 0 2.75) (layer F.Fab)
      (effects (font (size 1 1) (thickness 0.15)))
    )
    (fp_text user %R (at 0.3 0) (layer F.Fab)
      (effects (font (size 1 1) (thickness 0.15)))
    )
    (fp_circle (center 0 0) (end 1.75 0) (layer Cmts.User) (width 0.15))
    (fp_circle (center 0 0) (end 2 0) (layer F.CrtYd) (width 0.05))
    (pad 1 np_thru_hole circle (at 0 0) (size 2.2 2.2) (drill 2.2) (layers *.Cu *.Mask))
  )

  (module Connector_PinHeader_2.54mm:PinHeader_2x05_P2.54mm_Vertical (layer F.Cu) (tedit 59FED5CC) (tstamp 5BC493A9)
    (at 87.63 45.72)
    (descr "Through hole straight pin header, 2x05, 2.54mm pitch, double rows")
    (tags "Through hole pin header THT 2x05 2.54mm double row")
    (path /5BBA34EF)
    (fp_text reference J_PWR1 (at 4.953 -0.381 90) (layer F.SilkS)
      (effects (font (size 0.5 0.5) (thickness 0.05)))
    )
    (fp_text value Conn_02x05_Odd_Even (at 1.27 12.49) (layer F.Fab)
      (effects (font (size 1 1) (thickness 0.15)))
    )
    (fp_line (start 0 -1.27) (end 3.81 -1.27) (layer F.Fab) (width 0.1))
    (fp_line (start 3.81 -1.27) (end 3.81 11.43) (layer F.Fab) (width 0.1))
    (fp_line (start 3.81 11.43) (end -1.27 11.43) (layer F.Fab) (width 0.1))
    (fp_line (start -1.27 11.43) (end -1.27 0) (layer F.Fab) (width 0.1))
    (fp_line (start -1.27 0) (end 0 -1.27) (layer F.Fab) (width 0.1))
    (fp_line (start -1.33 11.49) (end 3.87 11.49) (layer F.SilkS) (width 0.12))
    (fp_line (start -1.33 1.27) (end -1.33 11.49) (layer F.SilkS) (width 0.12))
    (fp_line (start 3.87 -1.33) (end 3.87 11.49) (layer F.SilkS) (width 0.12))
    (fp_line (start -1.33 1.27) (end 1.27 1.27) (layer F.SilkS) (width 0.12))
    (fp_line (start 1.27 1.27) (end 1.27 -1.33) (layer F.SilkS) (width 0.12))
    (fp_line (start 1.27 -1.33) (end 3.87 -1.33) (layer F.SilkS) (width 0.12))
    (fp_line (start -1.33 0) (end -1.33 -1.33) (layer F.SilkS) (width 0.12))
    (fp_line (start -1.33 -1.33) (end 0 -1.33) (layer F.SilkS) (width 0.12))
    (fp_line (start -1.8 -1.8) (end -1.8 11.95) (layer F.CrtYd) (width 0.05))
    (fp_line (start -1.8 11.95) (end 4.35 11.95) (layer F.CrtYd) (width 0.05))
    (fp_line (start 4.35 11.95) (end 4.35 -1.8) (layer F.CrtYd) (width 0.05))
    (fp_line (start 4.35 -1.8) (end -1.8 -1.8) (layer F.CrtYd) (width 0.05))
    (fp_text user %R (at 1.27 5.08 90) (layer F.Fab)
      (effects (font (size 1 1) (thickness 0.15)))
    )
    (pad 1 thru_hole rect (at 0 0) (size 1.7 1.7) (drill 1) (layers *.Cu *.Mask))
    (pad 2 thru_hole oval (at 2.54 0) (size 1.7 1.7) (drill 1) (layers *.Cu *.Mask)
      (net 39 "Net-(J_PWR1-Pad2)"))
    (pad 3 thru_hole oval (at 0 2.54) (size 1.7 1.7) (drill 1) (layers *.Cu *.Mask))
    (pad 4 thru_hole oval (at 2.54 2.54) (size 1.7 1.7) (drill 1) (layers *.Cu *.Mask)
      (net 2 /GND))
    (pad 5 thru_hole oval (at 0 5.08) (size 1.7 1.7) (drill 1) (layers *.Cu *.Mask))
    (pad 6 thru_hole oval (at 2.54 5.08) (size 1.7 1.7) (drill 1) (layers *.Cu *.Mask)
      (net 2 /GND))
    (pad 7 thru_hole oval (at 0 7.62) (size 1.7 1.7) (drill 1) (layers *.Cu *.Mask))
    (pad 8 thru_hole oval (at 2.54 7.62) (size 1.7 1.7) (drill 1) (layers *.Cu *.Mask)
      (net 2 /GND))
    (pad 9 thru_hole oval (at 0 10.16) (size 1.7 1.7) (drill 1) (layers *.Cu *.Mask))
    (pad 10 thru_hole oval (at 2.54 10.16) (size 1.7 1.7) (drill 1) (layers *.Cu *.Mask)
      (net 40 "Net-(J_PWR1-Pad10)"))
    (model ${KISYS3DMOD}/Connector_PinHeader_2.54mm.3dshapes/PinHeader_2x05_P2.54mm_Vertical.wrl
      (at (xyz 0 0 0))
      (scale (xyz 1 1 1))
      (rotate (xyz 0 0 0))
    )
  )

  (module Resistor_SMD:R_0805_2012Metric_Pad1.15x1.40mm_HandSolder (layer B.Cu) (tedit 5B36C52B) (tstamp 5BD35E9F)
    (at 55.88 49.911 270)
    (descr "Resistor SMD 0805 (2012 Metric), square (rectangular) end terminal, IPC_7351 nominal with elongated pad for handsoldering. (Body size source: https://docs.google.com/spreadsheets/d/1BsfQQcO9C6DZCsRaXUlFlo91Tg2WpOkGARC1WS5S8t0/edit?usp=sharing), generated with kicad-footprint-generator")
    (tags "resistor handsolder")
    (path /5C156641/5C156CCC)
    (attr smd)
    (fp_text reference R_RANGE1 (at 0 1.65 270) (layer B.SilkS)
      (effects (font (size 0.5 0.5) (thickness 0.05)) (justify mirror))
    )
    (fp_text value 1K (at 0 -1.65 270) (layer B.Fab)
      (effects (font (size 1 1) (thickness 0.15)) (justify mirror))
    )
    (fp_text user %R (at 0 -0.254 270) (layer B.Fab)
      (effects (font (size 0.5 0.5) (thickness 0.08)) (justify mirror))
    )
    (fp_line (start 1.85 -0.95) (end -1.85 -0.95) (layer B.CrtYd) (width 0.05))
    (fp_line (start 1.85 0.95) (end 1.85 -0.95) (layer B.CrtYd) (width 0.05))
    (fp_line (start -1.85 0.95) (end 1.85 0.95) (layer B.CrtYd) (width 0.05))
    (fp_line (start -1.85 -0.95) (end -1.85 0.95) (layer B.CrtYd) (width 0.05))
    (fp_line (start -0.261252 -0.71) (end 0.261252 -0.71) (layer B.SilkS) (width 0.12))
    (fp_line (start -0.261252 0.71) (end 0.261252 0.71) (layer B.SilkS) (width 0.12))
    (fp_line (start 1 -0.6) (end -1 -0.6) (layer B.Fab) (width 0.1))
    (fp_line (start 1 0.6) (end 1 -0.6) (layer B.Fab) (width 0.1))
    (fp_line (start -1 0.6) (end 1 0.6) (layer B.Fab) (width 0.1))
    (fp_line (start -1 -0.6) (end -1 0.6) (layer B.Fab) (width 0.1))
    (pad 2 smd roundrect (at 1.025 0 270) (size 1.15 1.4) (layers B.Cu B.Paste B.Mask) (roundrect_rratio 0.217391)
      (net 23 /AuxiliaryBoard/RANGEBTN_AUX))
    (pad 1 smd roundrect (at -1.025 0 270) (size 1.15 1.4) (layers B.Cu B.Paste B.Mask) (roundrect_rratio 0.217391)
      (net 20 /AuxiliaryBoard/GND_AUX))
    (model ${KISYS3DMOD}/Resistor_SMD.3dshapes/R_0805_2012Metric.wrl
      (at (xyz 0 0 0))
      (scale (xyz 1 1 1))
      (rotate (xyz 0 0 0))
    )
  )

  (module Capacitor_SMD:C_0805_2012Metric_Pad1.15x1.40mm_HandSolder (layer F.Cu) (tedit 5B36C52B) (tstamp 5BC4A139)
    (at 88.670542 155.054477 270)
    (descr "Capacitor SMD 0805 (2012 Metric), square (rectangular) end terminal, IPC_7351 nominal with elongated pad for handsoldering. (Body size source: https://docs.google.com/spreadsheets/d/1BsfQQcO9C6DZCsRaXUlFlo91Tg2WpOkGARC1WS5S8t0/edit?usp=sharing), generated with kicad-footprint-generator")
    (tags "capacitor handsolder")
    (path /5BBD761F/5BC87CB9)
    (attr smd)
    (fp_text reference C_BUFFBP1 (at 4.318 0 270) (layer F.SilkS)
      (effects (font (size 0.5 0.5) (thickness 0.05)))
    )
    (fp_text value 2.2uF (at 0 1.65 270) (layer F.Fab)
      (effects (font (size 1 1) (thickness 0.15)))
    )
    (fp_line (start -1 0.6) (end -1 -0.6) (layer F.Fab) (width 0.1))
    (fp_line (start -1 -0.6) (end 1 -0.6) (layer F.Fab) (width 0.1))
    (fp_line (start 1 -0.6) (end 1 0.6) (layer F.Fab) (width 0.1))
    (fp_line (start 1 0.6) (end -1 0.6) (layer F.Fab) (width 0.1))
    (fp_line (start -0.261252 -0.71) (end 0.261252 -0.71) (layer F.SilkS) (width 0.12))
    (fp_line (start -0.261252 0.71) (end 0.261252 0.71) (layer F.SilkS) (width 0.12))
    (fp_line (start -1.85 0.95) (end -1.85 -0.95) (layer F.CrtYd) (width 0.05))
    (fp_line (start -1.85 -0.95) (end 1.85 -0.95) (layer F.CrtYd) (width 0.05))
    (fp_line (start 1.85 -0.95) (end 1.85 0.95) (layer F.CrtYd) (width 0.05))
    (fp_line (start 1.85 0.95) (end -1.85 0.95) (layer F.CrtYd) (width 0.05))
    (fp_text user %R (at 0 0 270) (layer F.Fab)
      (effects (font (size 0.5 0.5) (thickness 0.08)))
    )
    (pad 1 smd roundrect (at -1.025 0 270) (size 1.15 1.4) (layers F.Cu F.Paste F.Mask) (roundrect_rratio 0.217391)
      (net 14 /+12V))
    (pad 2 smd roundrect (at 1.025 0 270) (size 1.15 1.4) (layers F.Cu F.Paste F.Mask) (roundrect_rratio 0.217391)
      (net 2 /GND))
    (model ${KISYS3DMOD}/Capacitor_SMD.3dshapes/C_0805_2012Metric.wrl
      (at (xyz 0 0 0))
      (scale (xyz 1 1 1))
      (rotate (xyz 0 0 0))
    )
  )

  (module Package_SO:SOIC-14_3.9x8.7mm_P1.27mm (layer F.Cu) (tedit 5A02F2D3) (tstamp 5BC6F907)
    (at 107.442 157.48 180)
    (descr "14-Lead Plastic Small Outline (SL) - Narrow, 3.90 mm Body [SOIC] (see Microchip Packaging Specification 00000049BS.pdf)")
    (tags "SOIC 1.27")
    (path /5BB5DA86)
    (attr smd)
    (fp_text reference U_POT1 (at 0 -5.375 180) (layer F.SilkS)
      (effects (font (size 0.5 0.5) (thickness 0.05)))
    )
    (fp_text value MCP42050 (at 0 5.375 180) (layer F.Fab)
      (effects (font (size 1 1) (thickness 0.15)))
    )
    (fp_text user %R (at 0 0 180) (layer F.Fab)
      (effects (font (size 0.9 0.9) (thickness 0.135)))
    )
    (fp_line (start -0.95 -4.35) (end 1.95 -4.35) (layer F.Fab) (width 0.15))
    (fp_line (start 1.95 -4.35) (end 1.95 4.35) (layer F.Fab) (width 0.15))
    (fp_line (start 1.95 4.35) (end -1.95 4.35) (layer F.Fab) (width 0.15))
    (fp_line (start -1.95 4.35) (end -1.95 -3.35) (layer F.Fab) (width 0.15))
    (fp_line (start -1.95 -3.35) (end -0.95 -4.35) (layer F.Fab) (width 0.15))
    (fp_line (start -3.7 -4.65) (end -3.7 4.65) (layer F.CrtYd) (width 0.05))
    (fp_line (start 3.7 -4.65) (end 3.7 4.65) (layer F.CrtYd) (width 0.05))
    (fp_line (start -3.7 -4.65) (end 3.7 -4.65) (layer F.CrtYd) (width 0.05))
    (fp_line (start -3.7 4.65) (end 3.7 4.65) (layer F.CrtYd) (width 0.05))
    (fp_line (start -2.075 -4.45) (end -2.075 -4.425) (layer F.SilkS) (width 0.15))
    (fp_line (start 2.075 -4.45) (end 2.075 -4.335) (layer F.SilkS) (width 0.15))
    (fp_line (start 2.075 4.45) (end 2.075 4.335) (layer F.SilkS) (width 0.15))
    (fp_line (start -2.075 4.45) (end -2.075 4.335) (layer F.SilkS) (width 0.15))
    (fp_line (start -2.075 -4.45) (end 2.075 -4.45) (layer F.SilkS) (width 0.15))
    (fp_line (start -2.075 4.45) (end 2.075 4.45) (layer F.SilkS) (width 0.15))
    (fp_line (start -2.075 -4.425) (end -3.45 -4.425) (layer F.SilkS) (width 0.15))
    (pad 1 smd rect (at -2.7 -3.81 180) (size 1.5 0.6) (layers F.Cu F.Paste F.Mask)
      (net 9 /POT_CS))
    (pad 2 smd rect (at -2.7 -2.54 180) (size 1.5 0.6) (layers F.Cu F.Paste F.Mask)
      (net 13 /SCK))
    (pad 3 smd rect (at -2.7 -1.27 180) (size 1.5 0.6) (layers F.Cu F.Paste F.Mask)
      (net 11 /MOSI))
    (pad 4 smd rect (at -2.7 0 180) (size 1.5 0.6) (layers F.Cu F.Paste F.Mask)
      (net 2 /GND))
    (pad 5 smd rect (at -2.7 1.27 180) (size 1.5 0.6) (layers F.Cu F.Paste F.Mask)
      (net 36 "Net-(ROFF2-Pad1)"))
    (pad 6 smd rect (at -2.7 2.54 180) (size 1.5 0.6) (layers F.Cu F.Paste F.Mask)
      (net 33 /OFFSETADJUST))
    (pad 7 smd rect (at -2.7 3.81 180) (size 1.5 0.6) (layers F.Cu F.Paste F.Mask)
      (net 35 "Net-(ROFF1-Pad1)"))
    (pad 8 smd rect (at 2.7 3.81 180) (size 1.5 0.6) (layers F.Cu F.Paste F.Mask)
      (net 26 /DDS_SIG))
    (pad 9 smd rect (at 2.7 2.54 180) (size 1.5 0.6) (layers F.Cu F.Paste F.Mask)
      (net 28 /DDS_REDUX))
    (pad 10 smd rect (at 2.7 1.27 180) (size 1.5 0.6) (layers F.Cu F.Paste F.Mask)
      (net 2 /GND))
    (pad 11 smd rect (at 2.7 0 180) (size 1.5 0.6) (layers F.Cu F.Paste F.Mask)
      (net 12 /5V))
    (pad 12 smd rect (at 2.7 -1.27 180) (size 1.5 0.6) (layers F.Cu F.Paste F.Mask)
      (net 12 /5V))
    (pad 13 smd rect (at 2.7 -2.54 180) (size 1.5 0.6) (layers F.Cu F.Paste F.Mask))
    (pad 14 smd rect (at 2.7 -3.81 180) (size 1.5 0.6) (layers F.Cu F.Paste F.Mask)
      (net 12 /5V))
    (model ${KISYS3DMOD}/Package_SO.3dshapes/SOIC-14_3.9x8.7mm_P1.27mm.wrl
      (at (xyz 0 0 0))
      (scale (xyz 1 1 1))
      (rotate (xyz 0 0 0))
    )
  )

  (module Resistor_SMD:R_0805_2012Metric_Pad1.15x1.40mm_HandSolder (layer F.Cu) (tedit 5B36C52B) (tstamp 5BC383DB)
    (at 77.47 170.18)
    (descr "Resistor SMD 0805 (2012 Metric), square (rectangular) end terminal, IPC_7351 nominal with elongated pad for handsoldering. (Body size source: https://docs.google.com/spreadsheets/d/1BsfQQcO9C6DZCsRaXUlFlo91Tg2WpOkGARC1WS5S8t0/edit?usp=sharing), generated with kicad-footprint-generator")
    (tags "resistor handsolder")
    (path /5BBD761F/5BBDB6A3)
    (attr smd)
    (fp_text reference R_LOFF1 (at -0.254 1.524) (layer F.SilkS)
      (effects (font (size 0.5 0.5) (thickness 0.05)))
    )
    (fp_text value 1K (at 0 1.65) (layer F.Fab)
      (effects (font (size 1 1) (thickness 0.15)))
    )
    (fp_line (start -1 0.6) (end -1 -0.6) (layer F.Fab) (width 0.1))
    (fp_line (start -1 -0.6) (end 1 -0.6) (layer F.Fab) (width 0.1))
    (fp_line (start 1 -0.6) (end 1 0.6) (layer F.Fab) (width 0.1))
    (fp_line (start 1 0.6) (end -1 0.6) (layer F.Fab) (width 0.1))
    (fp_line (start -0.261252 -0.71) (end 0.261252 -0.71) (layer F.SilkS) (width 0.12))
    (fp_line (start -0.261252 0.71) (end 0.261252 0.71) (layer F.SilkS) (width 0.12))
    (fp_line (start -1.85 0.95) (end -1.85 -0.95) (layer F.CrtYd) (width 0.05))
    (fp_line (start -1.85 -0.95) (end 1.85 -0.95) (layer F.CrtYd) (width 0.05))
    (fp_line (start 1.85 -0.95) (end 1.85 0.95) (layer F.CrtYd) (width 0.05))
    (fp_line (start 1.85 0.95) (end -1.85 0.95) (layer F.CrtYd) (width 0.05))
    (fp_text user %R (at 0 0) (layer F.Fab)
      (effects (font (size 0.5 0.5) (thickness 0.08)))
    )
    (pad 1 smd roundrect (at -1.025 0) (size 1.15 1.4) (layers F.Cu F.Paste F.Mask) (roundrect_rratio 0.217391)
      (net 15 /-12V))
    (pad 2 smd roundrect (at 1.025 0) (size 1.15 1.4) (layers F.Cu F.Paste F.Mask) (roundrect_rratio 0.217391)
      (net 30 "Net-(RV_LOWOFF1-Pad3)"))
    (model ${KISYS3DMOD}/Resistor_SMD.3dshapes/R_0805_2012Metric.wrl
      (at (xyz 0 0 0))
      (scale (xyz 1 1 1))
      (rotate (xyz 0 0 0))
    )
  )

  (module Capacitor_SMD:C_0805_2012Metric_Pad1.15x1.40mm_HandSolder (layer F.Cu) (tedit 5B36C52B) (tstamp 5BC64A55)
    (at 86.36 36.83 270)
    (descr "Capacitor SMD 0805 (2012 Metric), square (rectangular) end terminal, IPC_7351 nominal with elongated pad for handsoldering. (Body size source: https://docs.google.com/spreadsheets/d/1BsfQQcO9C6DZCsRaXUlFlo91Tg2WpOkGARC1WS5S8t0/edit?usp=sharing), generated with kicad-footprint-generator")
    (tags "capacitor handsolder")
    (path /5B8B3473)
    (attr smd)
    (fp_text reference C1 (at 2.413 0) (layer F.SilkS)
      (effects (font (size 0.5 0.5) (thickness 0.05)))
    )
    (fp_text value 220nF (at 0 1.65 270) (layer F.Fab)
      (effects (font (size 1 1) (thickness 0.15)))
    )
    (fp_line (start -1 0.6) (end -1 -0.6) (layer F.Fab) (width 0.1))
    (fp_line (start -1 -0.6) (end 1 -0.6) (layer F.Fab) (width 0.1))
    (fp_line (start 1 -0.6) (end 1 0.6) (layer F.Fab) (width 0.1))
    (fp_line (start 1 0.6) (end -1 0.6) (layer F.Fab) (width 0.1))
    (fp_line (start -0.261252 -0.71) (end 0.261252 -0.71) (layer F.SilkS) (width 0.12))
    (fp_line (start -0.261252 0.71) (end 0.261252 0.71) (layer F.SilkS) (width 0.12))
    (fp_line (start -1.85 0.95) (end -1.85 -0.95) (layer F.CrtYd) (width 0.05))
    (fp_line (start -1.85 -0.95) (end 1.85 -0.95) (layer F.CrtYd) (width 0.05))
    (fp_line (start 1.85 -0.95) (end 1.85 0.95) (layer F.CrtYd) (width 0.05))
    (fp_line (start 1.85 0.95) (end -1.85 0.95) (layer F.CrtYd) (width 0.05))
    (fp_text user %R (at 0 0 270) (layer F.Fab)
      (effects (font (size 0.5 0.5) (thickness 0.08)))
    )
    (pad 1 smd roundrect (at -1.025 0 270) (size 1.15 1.4) (layers F.Cu F.Paste F.Mask) (roundrect_rratio 0.217391)
      (net 14 /+12V))
    (pad 2 smd roundrect (at 1.025 0 270) (size 1.15 1.4) (layers F.Cu F.Paste F.Mask) (roundrect_rratio 0.217391)
      (net 2 /GND))
    (model ${KISYS3DMOD}/Capacitor_SMD.3dshapes/C_0805_2012Metric.wrl
      (at (xyz 0 0 0))
      (scale (xyz 1 1 1))
      (rotate (xyz 0 0 0))
    )
  )

  (module Capacitor_SMD:C_0805_2012Metric_Pad1.15x1.40mm_HandSolder (layer F.Cu) (tedit 5B36C52B) (tstamp 5BC64A25)
    (at 91.44 36.83 270)
    (descr "Capacitor SMD 0805 (2012 Metric), square (rectangular) end terminal, IPC_7351 nominal with elongated pad for handsoldering. (Body size source: https://docs.google.com/spreadsheets/d/1BsfQQcO9C6DZCsRaXUlFlo91Tg2WpOkGARC1WS5S8t0/edit?usp=sharing), generated with kicad-footprint-generator")
    (tags "capacitor handsolder")
    (path /5B8B34AC)
    (attr smd)
    (fp_text reference C2 (at 2.413 0) (layer F.SilkS)
      (effects (font (size 0.5 0.5) (thickness 0.05)))
    )
    (fp_text value 100nF (at 0 1.65 270) (layer F.Fab)
      (effects (font (size 1 1) (thickness 0.15)))
    )
    (fp_text user %R (at 0 0 270) (layer F.Fab)
      (effects (font (size 0.5 0.5) (thickness 0.08)))
    )
    (fp_line (start 1.85 0.95) (end -1.85 0.95) (layer F.CrtYd) (width 0.05))
    (fp_line (start 1.85 -0.95) (end 1.85 0.95) (layer F.CrtYd) (width 0.05))
    (fp_line (start -1.85 -0.95) (end 1.85 -0.95) (layer F.CrtYd) (width 0.05))
    (fp_line (start -1.85 0.95) (end -1.85 -0.95) (layer F.CrtYd) (width 0.05))
    (fp_line (start -0.261252 0.71) (end 0.261252 0.71) (layer F.SilkS) (width 0.12))
    (fp_line (start -0.261252 -0.71) (end 0.261252 -0.71) (layer F.SilkS) (width 0.12))
    (fp_line (start 1 0.6) (end -1 0.6) (layer F.Fab) (width 0.1))
    (fp_line (start 1 -0.6) (end 1 0.6) (layer F.Fab) (width 0.1))
    (fp_line (start -1 -0.6) (end 1 -0.6) (layer F.Fab) (width 0.1))
    (fp_line (start -1 0.6) (end -1 -0.6) (layer F.Fab) (width 0.1))
    (pad 2 smd roundrect (at 1.025 0 270) (size 1.15 1.4) (layers F.Cu F.Paste F.Mask) (roundrect_rratio 0.217391)
      (net 2 /GND))
    (pad 1 smd roundrect (at -1.025 0 270) (size 1.15 1.4) (layers F.Cu F.Paste F.Mask) (roundrect_rratio 0.217391)
      (net 12 /5V))
    (model ${KISYS3DMOD}/Capacitor_SMD.3dshapes/C_0805_2012Metric.wrl
      (at (xyz 0 0 0))
      (scale (xyz 1 1 1))
      (rotate (xyz 0 0 0))
    )
  )

  (module Connector_PinSocket_2.54mm:PinSocket_1x07_P2.54mm_Vertical (layer F.Cu) (tedit 5A19A433) (tstamp 5BD35D72)
    (at 109.924407 122.181772)
    (descr "Through hole straight socket strip, 1x07, 2.54mm pitch, single row (from Kicad 4.0.7), script generated")
